1147
489
459
1875
1481
265
1568
480
61
2286
291
1591
2249
2202
623
460
621
691
1180
1858
980
930
889
611
2264
882
544
228
1471
555
2242
756
1436
2143
1390
573
730
345
1198
1992
1308
68
1920
1151
94
108
20
1309
1412
1612
381
1114
1452
9
1306
409
817
476
2251
221
1057
951
1038
1121
2037
1540
938
2240
85
1525
1990
1818
1926
120
76
1527
2285
2010
414
804
1739
897
1214
1663
1244
482
157
1162
745
174
615
2081
1173
176
1602
1671
1534
789
653
1542
1978
1496
588
177
1597
937
2059
966
569
749
2214
1479
2219
179
1102
1401
637
16
2243
1552
1731
564
1512
1628
2184
1094
908
1907
843
1051
2244
1399
1316
640
910
2089
2163
2205
1217
925
1607
1009
800
2204
1802
1771
320
494
1665
978
1222
424
124
2193
1927
1071
1789
1872
2142
714
1000
353
1543
1522
1008
1373
1529
763
624
1458
2031
325
130
1736
1030
1385
1202
213
211
834
1620
1792
1531
1793
19
666
1961
64
464
2209
449
1959
962
1187
1580
614
700
1017
1307
1630
970
1751
1007
1364
1669
2157
1359
121
2207
406
1782
1149
2006
193
25
967
123
336
1250
1296
1023
23
329
1449
1291
786
554
1019
467
830
1816
1055
654
1722
932
566
31
622
24
1941
1235
741
1743
1809
1677
1435
643
919
374
1648
101
849
5
1924
1569
1986
1675
292
1672
581
1332
445
1142
1407
492
346
1485
762
2211
1708
2057
367
208
1022
113
737
2104
1056
1500
1213
945
71
184
197
1090
542
1243
1699
82
999
2097
1113
1029
2062
1971
1629
931
2225
251
734
1100
1208
2260
720
1325
1319
1219
427
1912
732
648
1705
2254
2077
392
1284
947
1974
2183
1031
2058
885
1140
1339
1421
209
2155
502
1228
1696
1001
1215
1232
2054
242
1917
835
1409
100
1483
2088
229
1343
285
754
672
1304
1086
697
612
1533
312
1227
181
110
948
280
245
1916
96
252
961
1165
1720
1345
936
1118
1431
13
2246
2216
93
987
953
848
627
1800
1987
995
1248
1083
1692
960
2131
1443
1681
1093
1830
63
1846
200
907
448
1573
1631
802
2120
1085
1679
1889
2013
2071
1820
1386
2082
27
2065
824
441
516
1838
1918
2273
452
2267
1404
2127
2239
1611
1465
194
2002
1002
1609
1850
2283
567
266
404
1727
646
1013
403
916
1702
1301
939
1539
2241
1723
1320
1189
10
2162
1806
1984
2135
1855
408
1555
1400
2102
1498
1777
1384
727
917
2164
160
1167
1394
364
485
1191
1478
981
589
1393
1697
373
1698
963
518
1766
926
461
738
649
2122
1494
584
189
2001
1595
1174
1650
1877
1382
968
651
154
1513
1991
1302
1976
675
114
1311
690
1831
1397
21
923
29
547
77
187
1168
709
384
1948
2146
1387
196
1453
2099
1835
453
2147
1869
1225
429
135
598
716
1082
2009
636
248
856
455
332
2052
2191
1402
301
318
604
915
1954
75
1480
1983
1966
1240
475
253
1799
728
1475
500
1245
97
147
1898
1878
1813
390
501
1506
2226
1181
631
236
1861
2235
2227
719
412
1972
15
665
1349
1815
1229
1342
2041
438
839
1653
1133
681
1137
60
18
1050
1864
1576
781
1371
952
1592
1752
1572
1132
185
698
1843
434
1603
1993
1735
1740
801
90
847
1553
973
2288
1353
1821
1455
515
376
1837
2197
1313
282
1488
1899
1567
201
692
250
145
1193
840
731
267
579
2080
710
1904
788
696
231
2028
407
2144
747
212
605
2182
56
2017
2100
2117
425
1032
274
580
473
2067
764
1081
562
582
1810
118
1355
2201
2029
572
182
1599
1633
688
180
597
1062
1297
1963
1482
1635
1979
1077
832
1271
205
1136
618
862
1812
2094
247
823
1988
685
1970
1867
1277
872
921
895
1819
1640
1887
496
1828
1955
1565
289
2247
1933
868
1919
1199
1486
854
1638
240
59
1953
36
342
134
851
1901
1601
682
1335
153
1260
1660
1687
609
1043
537
1645
1470
1868
769
1367
2085
258
1729
1334
904
1139
787
881
1474
1805
1163
171
989
410
405
1715
1666
779
530
396
2150
2030
1975
1060
2069
1129
740
2032
1551
924
1678
217
1351
1593
1614
45
1718
761
676
326
1911
1462
1851
2074
1544
890
2229
1016
295
565
2034
1378
223
224
1126
1783
1794
1626
1078
488
998
1781
2004
1467
647
1857
420
